0.11382086447742168 -0.0004735532923456631
1.904932923316359 0.08092997606420416
4.389360032050437 0.16125788793268958
6.419608987452584 0.20924367578729997
8.1423537069875 0.26913103674848615
9.47406717395046 0.2965046111606513
11.31166154145437 0.3083536353823114
13.206680732942779 0.2936303476876998
14.920540504141329 0.26705286781552817
17.02543152791184 0.3038256793542031
18.891738307407998 0.3397045145214761
21.17710289580731 0.37295202932786853
22.8807060073474 0.43529121884826594
23.638171234465375 0.47527455765710813
24.404521409919724 0.5234706903834422
25.14527103088527 0.5677176088097382
25.9570492244843 0.6204392922513728
26.906265665566806 0.6845863448631907
27.936148084966298 0.7219285328765196
29.378946787576787 0.7708270756089549
30.972485653146585 0.7921695334866476
32.673696063687316 0.7909169841750685
34.56871525517572 0.7759846315978105
36.46373444666413 0.7547649726722333
38.35875363815253 0.7323664438063464
40.253772829640944 0.7080031317066096
42.148792021129346 0.682264471343178
44.04381121261775 0.6516138528951221
45.987019558109445 0.6099031421598536
47.72172555583705 0.55503540084077
48.87500966432979 0.5089458081068823
50.49657508623077 0.4467591049889712
52.226848630408604 0.3807193645280895
54.04461553425663 0.3189231451891613
55.75847530545517 0.3164218332003568
57.65349449694359 0.3272281409865303
59.54851368843199 0.360040020991821
61.44353287992039 0.3961920324946562
63.338552071408806 0.4368630454353458
65.14743402692045 0.4884582531562399
66.87017874645537 0.5373027643497443
68.62983942426604 0.5834920113443605
70.57407989345543 0.6140864931285921
72.46909908494385 0.6274470191187703
74.36411827643227 0.6321624988800096
76.25913746792065 0.6306692636222838
78.15415665940907 0.6313047995323775
80.04917585089748 0.6011189237851838
81.85805780640914 0.5602553620875771
83.58080252594405 0.5169869057117381
85.32077469267432 0.46608919603886056
86.87124494025574 0.42010074936249464
88.83517392052553 0.3806702449472432
90.73019311201395 0.3631836741659805
92.62521230350237 0.3712392854247645
94.52023149499075 0.3869575512955624
96.41525068647917 0.40640890531067475
98.31026987796758 0.43155813070395144
100.20528906945597 0.4545460945399934
102.10030826094439 0.4743904052018757
103.99532745243278 0.48048123322681
105.89034664392119 0.4767481450824954
107.7853658354096 0.463977054062472
109.680385026898 0.46122635753508245
111.57540421838641 0.46122635753508245
113.29814893792133 0.4595453763238999
115.70999154527021 0.4553320078335332
117.6050107367586 0.4396137419627354
119.50002992824702 0.4132856466291489
121.39504911973543 0.37811602674323863
123.30920991921866 0.3389778007227672
125.18508750271224 0.2948092176280097
127.08010669420065 0.2635691642097989
128.97512588568904 0.2437248535479165
130.87014507717745 0.2451002018116113
132.76516426866587 0.2574783361848647
134.66018346015426 0.2786979951104419
136.55520265164267 0.30443665547387333
138.4502218431311 0.3313541857776149
140.34524103461948 0.3582717160813562
142.2402602261079 0.3794913750069334
144.1352794175963 0.39383429261403646
146.0302986090847 0.39147655273341686
147.9253178005731 0.38518924638509766
149.82033699206153 0.3763477218327739
151.71535618354994 0.3651484573998304
153.61037537503833 0.35159145308626705
155.50539456652675 0.33567670889208423
157.46501668499772 0.33236113718496274
159.29543294950355 0.33194362074776973
161.19045214099197 0.3287999675736102
163.08547133248038 0.322119704578521
164.98049052396877 0.3120993100858873
166.87550971545718 0.30659791703110806
169.63190126671304 0.3012930022997138
173.28412007212708 0.306480030037077
175.61843916709688 0.31317994086450474
177.55652697657365 0.3211373129615962
179.45154616806207 0.33037179416068985
181.34656535955045 0.3384274054194739
183.24158455103887 0.344714711767793
185.13660374252729 0.3494301915290323
187.03162293401567 0.34530414673794796
188.9266421255041 0.3337119256582345
190.8216613169925 0.3211373129615962
192.7166805084809 0.30797326529480284
194.6116996999693 0.29579160924493453
196.50671889145772 0.2824310832547563
198.4017380829461 0.27162477546858277
200.29675727443453 0.2663198607371885
202.19177646592294 0.2712318188218128
204.08679565741133 0.28203812660798633
205.98181484889975 0.29421978265785476
207.87683404038816 0.30148948062309877
209.77185323187655 0.3038472205037185
211.96082392464072 0.3010700708687287
214.37883923293896 0.29741634204721457
216.96295631224132 0.29183558966963496
219.22029434430948 0.2938268260110848
221.29647295608774 0.29048669451354026
223.55381098815587 0.2877359979861507
225.4488301796443 0.2836099531950662
227.3438493711327 0.27692969019997715
229.2388685626211 0.2665163390605735
231.1338877541095 0.2537452480405501
233.02890694559792 0.23940233043344705
234.92392613708634 0.2274171527069636
236.8189453285747 0.2177897148611
238.71396452006312 0.21248480012970572
240.60898371155153 0.210323538572471
242.50400290303995 0.2115024085127808
244.39902209452836 0.21975449809494962
246.60522023448786 0.2260811001079458
248.70588389336567 0.23039078066533836
250.60090308485402 0.23412386880965286
252.49592227634244 0.23451682545642283
254.39094146783086 0.23451682545642283
256.2859606593193 0.2287925009706584
258.3621392710976 0.22901543240164357
260.47385767622137 0.22803304078471864
262.48784164964496 0.23449037234882264
264.3828608411334 0.23822346049313725
266.2778800326218 0.24058120037375696
268.1728992241102 0.24077767869714184
270.0679184155986 0.24176007031406677
271.96293760708704 0.23920585211006207
273.8579567985754 0.2350798073189777
275.7529759900638 0.23213263246820304
277.64799518155223 0.22859602264727352
279.54301437304065 0.225059412826344
281.43803356452906 0.21599495684303505
283.3330527560175 0.21442313025595539
285.22807194750584 0.21700380156756005
287.12309113899425 0.21916506312479478
289.01811033048267 0.21837914983125484
290.9131295219711 0.21562845330386526
292.8081487134595 0.21110945186601082
294.7031679049479 0.20560805881123156
296.5981870964363 0.19873131749275752
298.3120468676348 0.19440879437828806
299.7852648275759 0.19431055521659557
