0.07338239101962785 0.0015002122941936147
2.6704528972076176 0.0006876738867116483
5.083745102020782 -0.0004916157579268887
7.704076644308067 0.005185043133809852
10.634967192806542 0.003908100202859144
13.255298735093831 0.01593264749749146
15.358031933695813 0.02834670511039783
17.77132413850901 0.030858936789021074
20.59869501827039 0.036601111772126105
22.494388879398244 0.036081190121856066
24.390082740526097 0.037934674656852074
26.28577660165395 0.04081738267707968
28.181470462781803 0.04346126738918121
30.077164323909663 0.05169726092498217
32.12057458980072 0.0638082208398767
33.86855204616537 0.07965780504347308
35.76424590729322 0.101671211743392
37.659939768421076 0.12486390808794945
39.555633629548936 0.14491183204680413
41.45132749067679 0.15808056641193435
43.76110002675287 0.1647632077315525
45.778256249590356 0.16692523874672316
47.800769187438576 0.17261125708008385
50.27338432496262 0.1787604102271274
52.89371586724988 0.1830421972234495
55.41052774080008 0.19291188596278963
57.30622160192793 0.19739022123321803
59.201915463055784 0.20328666945641072
61.09760932418364 0.2083969245831776
62.99330318531149 0.21350717970994448
64.88899704643934 0.2180277900143921
66.7846909075672 0.22136911067420129
68.68038476869505 0.22353114168937183
70.5760786298229 0.22726555889739386
72.47177249095076 0.2311965243795222
74.36746635207861 0.2337516519429057
76.26316021320648 0.23611023123218267
78.15885407433433 0.23846881052145963
80.05454793546218 0.24456180701875874
81.95024179659003 0.2510479000642706
83.84593565771789 0.2571408965615696
85.74162951884574 0.2628407965106557
87.6373233799736 0.26834414818563546
89.53301724110145 0.27443714468293445
91.4287111022293 0.28229907564719114
93.32440496335715 0.29114374798197995
95.220098824485 0.3011677099614073
97.11579268561286 0.31276405813368613
99.01148654674071 0.32671898559524193
100.90718040786857 0.3434255888942874
102.80287426899643 0.35954254737101377
104.69856813012429 0.3734974748325697
106.59426199125214 0.3841110816343162
108.48995585237999 0.39157991605036024
110.38564971350785 0.3974763642735527
112.2813435746357 0.40121078148157474
114.17703743576355 0.4051417469637031
116.0727312968914 0.4088761641717251
117.96842515801926 0.4120209365574278
119.86411901914711 0.41516570894313043
121.75981288027496 0.4177208365065139
123.65550674140282 0.4212587054404294
125.55120060253067 0.4228310916332808
127.44689446365852 0.4263689605671963
129.3425883247864 0.42872753985647327
131.23828218591422 0.4306930225975376
133.1339760470421 0.4306930225975376
135.02966990816992 0.4306930225975376
136.9253637692978 0.43128266741985677
138.82105763042563 0.4306930225975376
140.7167514915535 0.4306930225975376
142.61244535268133 0.4352136329019851
144.50813921380922 0.44307556386624203
146.4038330749371 0.4534926223938822
148.29952693606492 0.4631234878250967
150.1952207971928 0.4719681601598855
152.09091465832063 0.47668531873843956
153.9866085194485 0.4796335428500359
155.88230238057633 0.4815990255911001
157.77799624170422 0.47924044630182305
159.67369010283204 0.47904389802771663
161.56938396395992 0.4831714117839514
163.46507782508775 0.49221263239284674
165.36077168621563 0.503612432291019
167.25646554734345 0.5161915218338299
169.15215940847133 0.5254292907168315
171.04785326959916 0.5325050285846626
172.94354713072704 0.5372221871632167
174.83924099185487 0.541153152645345
176.73493485298275 0.5441013767569414
178.63062871411057 0.5476392456908569
180.52632257523845 0.5503909215283468
182.42201643636628 0.5517667594470917
184.31771029749416 0.5527495008176238
186.21340415862198 0.5560908214774329
188.10909801974987 0.5612010766041998
190.0047918808777 0.5661147834568603
191.90048574200557 0.5704388454872015
193.7961796031334 0.5739767144211171
195.69187346426128 0.5771214868068199
197.5875673253891 0.577711131629139
199.48326118651698 0.5773180350809262
201.37895504764487 0.5737801661470107
203.2746489087727 0.5670975248273924
205.17034276990057 0.5637562041675833
207.0660366310284 0.5629700110711576
208.96173049215628 0.570635393761308
210.8574243532841 0.581445548837161
212.75311821441198 0.5938280901058653
214.6488120755398 0.6028693107147607
216.5445059366677 0.609551952034379
218.44019979779551 0.612893272694188
220.3358936589234 0.6144656588870394
222.23158752005122 0.6158414968057844
224.1272813811791 0.6199690105620191
226.02297524230693 0.6244896208664668
227.9186691034348 0.6294033277191272
229.81436296456263 0.6345135828458942
231.71005682569051 0.6380514517798097
233.60575068681834 0.640999675891406
235.50144454794622 0.6425720620842573
237.39713840907405 0.6441444482771087
239.29283227020193 0.644734093099428
241.18852613132975 0.6457168344699601
243.08421999245763 0.6468961241145985
244.97991385358546 0.6468961241145985
246.87560771471334 0.6472892206628114
248.77130157584116 0.6496477999520884
250.66699543696905 0.6518098309672591
252.56268929809687 0.6549546033529617
254.45838315922475 0.6638838257557889
256.3540770203526 0.6678147912379173
258.49210467788566 0.6719845800281712
260.49013635372245 0.6761120937844061
262.38583021485033 0.6717880317540648
264.28152407597815 0.6636450024476632
266.17721793710604 0.6547580550788553
268.07291179823386 0.6525960240636848
269.96860565936174 0.6557407964493874
271.86429952048957 0.6600648584797286
273.75999338161745 0.6655682101547084
275.6556872427453 0.6732758678788779
277.55138110387315 0.681769718699473
279.447074965001 0.6890842798754296
281.34276882612886 0.6932117936316644
283.2384626872567 0.6947419047904967
285.13415654838457 0.6985185970325378
287.0298504095124 0.698672870272625
288.9255442706403 0.7022530142405597
290.96485130306564 0.7025383196633846
293.2692338684983 0.7065770762709009
295.5598818575737 0.7083037357038395
299.98950298740465 0.7143514917879216
297.9296066252588 0.7116883116883118
