2.259954016522638 0.9042506732036
4.3366453638315825 0.8354841809084812
6.108506484490366 0.8047406409596702
7.792002696105708 0.736303367623178
9.383626686658854 0.693680389361774
11.088017088198871 0.6928570310415683
13.053757541856793 0.6866326842543817
15.194530887362983 0.707794406612025
17.06301922724612 0.6681921736323988
18.844294704864826 0.6303588541426369
20.915408082089503 0.6014175461239057
22.335564315018313 0.5466806143836543
23.234612862392414 0.496602406744324
24.292063027387403 0.45242746478573836
25.012766613320668 0.393732065337434
25.852631399558145 0.3332080432449632
26.722184426014753 0.28049222035581833
27.742878978019913 0.23487034918224858
28.935970291735284 0.18943825987559015
30.59911116103248 0.15174921039491296
32.367448072529086 0.1370042647281997
34.261602215348404 0.1315402256214051
36.15679317773257 0.12961865336120404
38.0531937629424 0.13182995908869555
39.95074636989095 0.13797733909018017
41.850027009447615 0.15002883050265425
43.75426134248079 0.17900544129329832
45.87058883634725 0.22704992858574202
47.22697967291519 0.2674766574179146
48.705477972280065 0.3139363714492559
50.01126169822331 0.35912044693301926
51.31754326213223 0.4060054687994725
52.65161323612463 0.4496954772329448
54.35862144748731 0.49178740751057193
56.2522571805242 0.48455213498048044
58.14030560812823 0.4582269022215226
60.02489797051608 0.420093446640586
61.90751378329104 0.37520677988224627
63.85518970727125 0.32613479282794267
65.15643800303039 0.28788060510848146
66.69365101034585 0.24053266098284387
68.23107522164676 0.19390633047410466
69.94472675836943 0.16055754118015098
71.83444561749462 0.13993961611848305
73.72733253640133 0.13014589531029586
75.62171708356838 0.12546907105829974
77.51736885464804 0.12512192850769588
79.41820472355198 0.1424871201900605
81.3227846631068 0.1726445532629024
83.23122387548634 0.21598783515362086
85.05484548735193 0.26395389227642685
86.87852470030445 0.3121167531129324
88.783335044207 0.3430614010405729
90.6822124761551 0.3537352664571495
92.57296815484516 0.3366598082420753
94.46147739114468 0.3119090051927148
96.34820099374917 0.28105728701866517
98.23296615939785 0.24351424257882748
100.11715531417713 0.20400316100199312
102.00226608634742 0.16764093884435327
103.89198494547261 0.14702301378268534
105.78527507198788 0.1386069189703958
107.68225166806707 0.14278626183488397
109.57703942284269 0.13948706357878538
111.47148157109666 0.13500704304048883
113.36621172478533 0.13151104107069056
115.26261230999518 0.13372234679818207
117.16166254520408 0.14498662335585766
119.06388084019446 0.167075104167014
120.96840317866236 0.1970357335261561
122.87471115082525 0.23309727800998747
124.78142233059671 0.2705364484897165
126.68646307884703 0.3022683112721557
128.58804776188114 0.3221919512326158
130.48375713404772 0.3220416123957115
132.37635604751975 0.31126387301902625
134.266017305558 0.29044914424365875
136.15481454729223 0.2666823597627964
138.0429205759832 0.2405539307175384
139.9309114025003 0.214031894244881
141.81884462793047 0.18731305405852405
143.7079874761863 0.16472709185985968
145.60093199617995 0.15513017476537228
147.49514374008618 0.14986293937227713
149.39085311225278 0.14971260053537294
151.2881753148536 0.15507276568205897
153.18641913484538 0.16358179024793928
155.08616058309752 0.17720771137001068
156.98417399874157 0.1849295210810924
158.88068978612526 0.18753443423598326
160.77616875394412 0.18659688054428047
162.67135971632828 0.1846753082840793
164.5671266895818 0.1847217731608748
166.46179924218356 0.18102896747737685
168.3561837893506 0.17635214322538073
170.2501651289091 0.17029769297748698
172.14374326085905 0.1628656167336956
174.0370333873743 0.15444952192140626
175.92963230084632 0.1436717825447208
177.82165520344898 0.13092600603103888
179.71304449409533 0.11601538866666106
181.60627701952367 0.10740249014067182
183.4998551514736 0.09997041389688044
185.3940092942929 0.09450637479008561
187.23934651593353 0.09890093451573079
189.01567763542425 0.10305764015305297
191.29401732302372 0.11479607363051603
193.15638937094027 0.11850970773463376
195.05503639854064 0.12839635829641183
197.28210148548143 0.14362677590233897
199.54400430567463 0.15605870428678836
201.44028968871058 0.15787640258688063
203.33484703913845 0.15378998947598344
205.22819476674064 0.14557069837739345
207.1208512812996 0.13498976271440788
209.01345019477162 0.12421202333772263
210.90622191150447 0.11402469510213598
212.79968484128054 0.10619901143094568
214.69389658518676 0.10093177603785053
216.58828113235384 0.09625495178585419
218.48278088169474 0.09197173496125743
220.37849025386132 0.09182139612435325
222.27454523254954 0.09285187956964691
224.17036980689 0.09309514816014186
226.42779811506279 0.09531530260633359
228.65377126415711 0.10173879043868173
230.55213028632278 0.11064142243196118
232.45077731392314 0.12052807299373924
234.2010603990285 0.12821814724882774
236.01574532994306 0.13163072332910297
238.14485430637626 0.14381904932365508
240.0410820883253 0.14543994391004778
241.93621544962252 0.14332156793614692
243.83083040113735 0.13943195853894952
245.72429333091338 0.1316062748677589
247.61792906395027 0.1243710023376674
249.5119680045957 0.118513355803473
251.40606454632808 0.11285251298297871
253.30079470001675 0.10935651101318045
255.19575525805317 0.10664772389818089
257.0902550073941 0.10236450707358391
258.98544596977825 0.10044293481338284
260.88121294303176 0.10048939969017834
262.7769223151983 0.10033906085327393
264.67297729388656 0.10136954429856782
266.57012669322654 0.10613929830415492
268.46549045887156 0.10480813718505289
270.36033581473407 0.10170574264265353
272.25581478255293 0.10076818895095085
274.15123614928484 0.0996338315455485
276.04648471275596 0.09790906299904689
277.9411572653577 0.09421625731554895
279.83634822774184 0.09229468505534788
281.73211520099534 0.09234114993214337
283.6274213655534 0.09081318509934144
285.5223819235898 0.08810439798434189
287.41716967836544 0.0848051997282433
289.31264864618424 0.0838676460365404
291.20876122595945 0.08509493319553374
293.1051042100823 0.08710943520932579
295.2949962369442 0.09208316658122118
297.7774004869802 0.09647366046462613
299.9664367262647 0.09852345094726989
0.5832179570872036 0.9926613533813012
