   0.0000000000000000       -3.6256933555601481E-004   6.8027522716302151E-004  0.33199727300051196     
   41.000000000000000       -2.0029998900813328E-004   4.9529697837545723E-003  0.32756230909736789     
   82.000000000000000       -3.4165469981156015E-004   1.7142524335496411E-002  0.31551410925642576     
   123.00000000000000       -1.7678609796807835E-004   3.2753432246578618E-002  0.29973833274349759     
   164.00000000000000       -8.2609788094977347E-005   4.6865216115555219E-002  0.28553237256465230     
   205.00000000000000        2.7840880568085213E-005   5.7871682871465227E-002  0.27441545514007559     
   246.00000000000000        1.6114592995774443E-004   6.7546941587985354E-002  0.26460689137417137     
   287.00000000000000        5.1257046438427654E-004   7.6086604450701492E-002  0.25571580397702792     
   328.00000000000000        5.7513249521431607E-004   8.3597179703099142E-002  0.24814266669380067     
   369.00000000000000        8.2816076214533489E-004   8.9891631328965382E-002  0.24159518680100167     
   410.00000000000000        1.2727904279583647E-003   9.5610774074705293E-002  0.23543141438944989     
   451.00000000000000        1.8819497819086606E-003  0.10073089764655635       0.22970213146364879     
   492.00000000000000        2.9091962214724929E-003  0.10376981899438735       0.22563596367625466     
   533.00000000000000        4.1539181311808131E-003  0.10462439159717425       0.22353666916376275     
   574.00000000000000        5.4278434570020316E-003  0.10444507071200428       0.22244206472311251     
   615.00000000000000        6.4788593957184025E-003  0.10490330269931028       0.22093281679708182     
   656.00000000000000        7.1769772852453961E-003  0.10700952909620441       0.21812847251066433     
   697.00000000000000        7.9337993002520542E-003  0.10911793009187677       0.21526324949998576     
   738.00000000000000        8.7748688726493485E-003  0.10959685835425553       0.21394325166520950     
   779.00000000000000        9.4357860552225451E-003  0.10988843102205051       0.21299076181484089     
   820.00000000000000        1.0071469572376110E-002  0.11263419659762684       0.20960931272210906     
   861.00000000000000        1.0718065570100552E-002  0.11803854852234599       0.20355836479966782     
   902.00000000000000        1.1432894431050739E-002  0.12470383681678472       0.19617824764427691     
   943.00000000000000        1.2121901860626736E-002  0.13413652355238936       0.18605655347910108     
   984.00000000000000        1.3251007894361110E-002  0.14604574750776195       0.17301822348998921     
   1025.0000000000000        1.4290622492936051E-002  0.15991163508997713       0.15811272130919826     
   1066.0000000000000        1.6374012239003269E-002  0.17409787082353881       0.14184309582957089     
   1107.0000000000000        1.8708461270449783E-002  0.18806920336450014       0.12553731425716180     
   1148.0000000000000        2.1553755250908874E-002  0.20015278737785783       0.11060843626334842     
   1189.0000000000000        2.4507217134134458E-002  0.21107481135742034        9.6732950400556558E-002
   1230.0000000000000        2.7403284657281712E-002  0.21948523011560056        8.5426464119231368E-002
   1271.0000000000000        3.0571866841622219E-002  0.22584651738911021        7.5896594661380767E-002
   1312.0000000000000        3.4475508296214777E-002  0.22888067398391471        6.8958796611983564E-002
   1353.0000000000000        3.8295166810595617E-002  0.23099894417965186        6.3020867901866964E-002
   1394.0000000000000        4.1815042059144283E-002  0.23155867534355651        5.8941261489411943E-002
   1435.0000000000000        4.5586216025981292E-002  0.23072716634177429        5.6001596524357357E-002
   1476.0000000000000        4.8878160458277566E-002  0.22957285441685399        5.3863964016982256E-002
   1517.0000000000000        5.1890033013877415E-002  0.22855941949155992        5.1865526386677352E-002
   1558.0000000000000        5.4998062978338015E-002  0.22684876765729131        5.0468148256483145E-002
   1599.0000000000000        5.7877101205988879E-002  0.22445168693800710        4.9986190748116249E-002
   1640.0000000000000        6.0724497554693675E-002  0.22059781859688724        5.0992662740527973E-002
   1681.0000000000000        6.3653856569785935E-002  0.21672975950094733        5.1931362821377065E-002
   1722.0000000000000        6.6023146773552227E-002  0.21120938884576720        5.5082443272794858E-002
   1763.0000000000000        6.7680959639135521E-002  0.20460153907706308        6.0032480175914442E-002
   1804.0000000000000        6.9192101983594240E-002  0.19733059517624094        6.5792281732282326E-002
   1845.0000000000000        7.0276937617469878E-002  0.18827873637777401        7.3759304896869979E-002
   1886.0000000000000        7.1432269747227606E-002  0.17974235897298022        8.1140350171904171E-002
   1927.0000000000000        7.2484509561796667E-002  0.17090934328288701        8.8921126047425220E-002
   1968.0000000000000        7.3430179867563644E-002  0.16104993087876482        9.7834868145784321E-002
   2009.0000000000000        7.4586839511659703E-002  0.15104036750949851       0.10668777187095184     
   2050.0000000000000        7.5762782043136453E-002  0.14211338381199867       0.11443881303697724     
   2091.0000000000000        7.6947305698703061E-002  0.13485272234315970       0.12051495085025023     
   2132.0000000000000        7.8096971588542452E-002  0.12880210167415659       0.12541590562941704     
   2173.0000000000000        7.9239644849491225E-002  0.12412864431023783       0.12894668973238801     
   2214.0000000000000        8.0327690705200724E-002  0.12058773566074224       0.13139955252617216     
   2255.0000000000000        8.1698089699640486E-002  0.11870730150630543       0.13190958768616687     
   2296.0000000000000        8.3083687673707260E-002  0.11851683745938631       0.13071445375901711     
   2337.0000000000000        8.4444927393712038E-002  0.12017156500511758       0.12769848649328239     
   2378.0000000000000        8.5233740354620724E-002  0.12390349747060869       0.12317774106688356     
   2419.0000000000000        8.6588188257473123E-002  0.12719559250665508       0.11853119812798683     
   2460.0000000000000        8.7663636546074813E-002  0.13230066835811119       0.11235067398792697     
   2501.0000000000000        8.8743018788961597E-002  0.13896132079624016       0.10461063930690973     
   2542.0000000000000        8.9840281331149324E-002  0.14555391124154268        9.6920786319422247E-002
   2583.0000000000000        9.0777523435308968E-002  0.15134477368555244        9.0192681771252101E-002
   2624.0000000000000        9.1175534967688696E-002  0.15709922420241640        8.4040219722011519E-002
   2665.0000000000000        9.2272756752981994E-002  0.16268994129250619        7.7352280846623656E-002
   2706.0000000000000        9.3233150849310262E-002  0.16795483657005877        7.1126991472740569E-002
   2747.0000000000000        9.3728357519829567E-002  0.17279116084899757        6.5795460523280863E-002
   2788.0000000000000        9.5016055313111913E-002  0.17654000662955491        6.0758916949447940E-002
   2829.0000000000000        9.5949647824911319E-002  0.18040086255459034        5.5964468512611852E-002
   2870.0000000000000        9.7310949942273420E-002  0.18259609181634409        5.2407937133491171E-002
   2911.0000000000000        9.9016438830099654E-002  0.18462896483416461        4.8669575227851966E-002
   2952.0000000000000       0.10031846295315060       0.18654185547564778        4.5454660463315678E-002
   2993.0000000000000       0.10207581243372785       0.18690591903977641        4.3333247418607355E-002
   3034.0000000000000       0.10333655878824037       0.18707205489313600        4.1906365210735125E-002
   3075.0000000000000       0.10495242947168755       0.18632779887456180        4.1034750545863155E-002
   3116.0000000000000       0.10600654670752686       0.18527021409387787        4.1038218090708470E-002
   3157.0000000000000       0.10669772202215638       0.18377255276642182        4.1844704103534899E-002
   3198.0000000000000       0.10725300904037627       0.18136001554781384        4.3701954303924012E-002
   3239.0000000000000       0.10815348476636623       0.17874848407442612        4.5413010051314144E-002
   3280.0000000000000       0.10899032288953252       0.17522703707591680        4.8097618926666745E-002
   3321.0000000000000       0.11004457510220364       0.17053375874116011        5.1736645048755650E-002
   3362.0000000000000       0.11168072092329544       0.16481382967967190        5.5820428289144901E-002
   3403.0000000000000       0.11332518067390969       0.15894425365866796        6.0045544559536909E-002
   3444.0000000000000       0.11441436219083231       0.15313695917446396        6.4763657526818397E-002
   3485.0000000000000       0.11588437605697885       0.14586282023258526        7.0567782602550158E-002
   3526.0000000000000       0.11741927180621761       0.13836989428505003        7.6525812800844667E-002
   3567.0000000000000       0.11828778284757979       0.13158158427083699        8.2445611773696512E-002
   3608.0000000000000       0.11959765364409410       0.12496880366024711        8.7748521587769329E-002
   3649.0000000000000       0.12023848926394054       0.12082213433351967        9.1254355294652881E-002
   3690.0000000000000       0.12201118559045723       0.11686541790736527        9.3438375394293130E-002
   3731.0000000000000       0.12334749519128867       0.11401453714884671        9.4952946551980166E-002
   3772.0000000000000       0.12441212117653645       0.11276139745361879        9.5141460261956814E-002
   3813.0000000000000       0.12509473305436294       0.11404175455375565        9.3178491283994344E-002
   3854.0000000000000       0.12622770366466454       0.11580033516646378        9.0286940060987614E-002
   3895.0000000000000       0.12747886273533540       0.11767040180810839        8.7165714348668738E-002
   3936.0000000000000       0.12871588726361288       0.12025307754823342        8.3346014080268205E-002
   3977.0000000000000       0.13010178915441342       0.12348301631428979        7.8730173423409280E-002
   4018.0000000000000       0.13100667249097706       0.12821408779604365        7.3094218605091701E-002
   4059.0000000000000       0.13212213275735402       0.13325093718576977        6.6941908948989298E-002
   4100.0000000000000       0.13300499183244011       0.13729945267813010        6.2010534381545614E-002
   4141.0000000000000       0.13420511292344242       0.14167916369034808        5.6430702278324529E-002
   4182.0000000000000       0.13583209039193134       0.14490111355454255        5.1581774945639439E-002
   4223.0000000000000       0.13789657664142504       0.14677082514248996        4.7647577108201999E-002
   4264.0000000000000       0.13922457819197334       0.14894209948426529        4.4148301215876831E-002
   4305.0000000000000       0.14135629928225860       0.15056327815316156        4.0395401456694326E-002
   4346.0000000000000       0.14361507664879766       0.15028908114509559        3.8410821098215343E-002
   4387.0000000000000       0.14523160581313171       0.15122081383485944        3.5862559244122919E-002
   4428.0000000000000       0.14663961795874125       0.15079564365373560        3.4879717279633071E-002
   4469.0000000000000       0.14830015271745073       0.14902483564033694        3.4989990534327740E-002
   4510.0000000000000       0.14935185776524992       0.14819126262302953        3.4771858503836517E-002
   4551.0000000000000       0.15026630621224976       0.14673499621892724        3.5313676460935951E-002
   4592.0000000000000       0.15142519348746891       0.14416849263510953        3.6721292769536687E-002
   4633.0000000000000       0.15218805253364526       0.14155781728242095        3.8569109076049699E-002
   4674.0000000000000       0.15253431192656969       0.13903090737963578        4.0749759585905446E-002
   4715.0000000000000       0.15368019678506759       0.13585357241508275        4.2781209691963841E-002
   4756.0000000000000       0.15448488227663784       0.13243937031097605        4.5390726304500605E-002
   4797.0000000000000       0.15472433771234170       0.12856850098680669        4.9022140192966746E-002
   4838.0000000000000       0.15514329482931444       0.12499484089166382        5.2176843171137313E-002
   4879.0000000000000       0.15532785786187697       0.12134335183042769        5.5643769199809748E-002
   4920.0000000000000       0.15599359607985216       0.11680402716400286        5.9517355648259745E-002
   4961.0000000000000       0.15644174359309296       0.11254422602909052        6.3329009269930958E-002
   5002.0000000000000       0.15678145781618100       0.10888605530458184        6.6647465771349945E-002
   5043.0000000000000       0.15744510638428544       0.10549912881973406        6.9370743688093969E-002
   5084.0000000000000       0.15829017394126293       0.10206507129610212        7.1959733654749072E-002
   5125.0000000000000       0.15917810103951274        9.9120624329455773E-002   7.4016253523145586E-002
   5166.0000000000000       0.16015582906584674        9.5640662457462167E-002   7.6518487368803748E-002
   5207.0000000000000       0.16093592845874219        9.3458353888000820E-002   7.7920696545370982E-002
   5248.0000000000000       0.16136234981206496        9.2250900505656278E-002   7.8701728574389868E-002
   5289.0000000000000       0.16183413178821926        9.1457313089664344E-002   7.9023534014226599E-002
   5330.0000000000000       0.16238646245324073        9.0851290722885641E-002   7.9077225715989227E-002
   5371.0000000000000       0.16271518466729046        9.1633299284899383E-002   7.7966494939923192E-002
   5412.0000000000000       0.16316944651526916        9.2684431964066283E-002   7.6461100412778885E-002
   5453.0000000000000       0.16302806794950733        9.4683667734630911E-002   7.4603243207970460E-002
   5494.0000000000000       0.16314543769118758        9.6917729176286632E-002   7.2251812024637443E-002
   5535.0000000000000       0.16353841802088764        9.8733463489361628E-002   7.0043097381860570E-002
   5576.0000000000000       0.16341380430135138       0.10153122540087259        6.7369949189890393E-002
   5617.0000000000000       0.16335114598980791       0.10532829476598374        6.3635538136321335E-002
   5658.0000000000000       0.16351911895958030       0.10859634933726399        6.0199510595268999E-002
   5699.0000000000000       0.16370923975763768       0.11195818454045922        5.6647554594015999E-002
   5740.0000000000000       0.16419037167143954       0.11506976444388896        5.3054842776783302E-002
   5781.0000000000000       0.16492867760556801       0.11789043848723502        4.9495862799306477E-002
   5822.0000000000000       0.16515074755936091       0.12025317631922772        4.6911055013526257E-002
   5863.0000000000000       0.16604855363964241       0.12246989700385337        4.3796528248616684E-002
   5904.0000000000000       0.16667598866575262       0.12440388482200002        4.1235105404362489E-002
   5945.0000000000000       0.16722744311872645       0.12620891096037487        3.8878624813011860E-002
   5986.0000000000000       0.16806829976237445       0.12635242998198118        3.7894249147757533E-002
   6027.0000000000000       0.16921671044607839       0.12666267701165368        3.6435591434380105E-002
   6068.0000000000000       0.17058170027055652       0.12593851398985365        3.5794764631702301E-002
   6109.0000000000000       0.17218080003075395       0.12436590871526450        3.5768270146091512E-002
   6150.0000000000000       0.17315726775639728       0.12239679810684773        3.6760913028866686E-002
   6191.0000000000000       0.17369764369849694       0.12105991834858980        3.7557416845025726E-002
   6232.0000000000000       0.17497366952199583       0.11863542308175719        3.8705886288361406E-002
   6273.0000000000000       0.17600172906368713       0.11638609773719283        3.9927152091231502E-002
   6314.0000000000000       0.17705656878554188       0.11356457157972827        4.1693838526842220E-002
   6355.0000000000000       0.17708093944184286       0.11084055705160281        4.4393482398668256E-002
   6396.0000000000000       0.17799267046635056       0.10759905624443111        4.6723252181332643E-002
   6437.0000000000000       0.17866387206017006       0.10587520727607427        4.7775899555871380E-002
   6478.0000000000000       0.17880966850296492       0.10400805803685705        4.9497252352291500E-002
   6519.0000000000000       0.17972500877671727       0.10122563650043725        5.1364333614960372E-002
   6560.0000000000000       0.18008090263813822        9.9884313036697370E-002   5.2349763217278203E-002
   6601.0000000000000       0.18052452248376272        9.8621302423456042E-002   5.3169153984895724E-002
   6642.0000000000000       0.18118821727813580        9.7564929791174954E-002   5.3561831822806591E-002
   6683.0000000000000       0.18196170125740227        9.7071236212497400E-002   5.3282041422212247E-002
   6724.0000000000000       0.18325459800043400        9.5958204034248887E-002   5.3102176857432702E-002
   6765.0000000000000       0.18350805601240586        9.6213017013964341E-002   5.2593905865744958E-002
   6806.0000000000000       0.18413720449487977        9.6431375084931117E-002   5.1746399312303272E-002
   6847.0000000000000       0.18527861832606621        9.6773960938519449E-002   5.0262399627525906E-002
   6888.0000000000000       0.18630286480790328        9.7023895052634784E-002   4.8988219031574479E-002
   6929.0000000000000       0.18696885486341355        9.7759207872945481E-002   4.7586916155757504E-002
   6970.0000000000000       0.18847156098931375        9.8369976524826694E-002   4.5473441377975696E-002
   7011.0000000000000       0.18952394892077201        9.9278825389289449E-002   4.3512204582051357E-002
   7052.0000000000000       0.19015292603367712       0.10023698213292220        4.1925070725515823E-002
   7093.0000000000000       0.19085723077193084       0.10160014752761774        3.9857600592561084E-002
   7134.0000000000000       0.19189817589818758       0.10252808569387487        3.7888717300050688E-002
   7175.0000000000000       0.19206426650365549       0.10361632126573606        3.6634391122720079E-002
   7216.0000000000000       0.19281774518845379       0.10401647917910252        3.5480754524557644E-002
   7257.0000000000000       0.19320194603055285       0.10491529488739987        3.4197737974160577E-002
   7298.0000000000000       0.19324779949032700       0.10621966099777846        3.2847518404008694E-002
   7339.0000000000000       0.19377432602838793       0.10657231826060282        3.1968334603118979E-002
   7380.0000000000000       0.19385531399778061       0.10712679782152880        3.1332867072806761E-002
   7421.0000000000000       0.19438097104010127       0.10688962554651436        3.1044382305498077E-002
   7462.0000000000000       0.19483997539283152       0.10581305329323096        3.1661950206052149E-002
   7503.0000000000000       0.19509424152217908       0.10604581888193193        3.1174918488001909E-002
   7544.0000000000000       0.19534980920705564       0.10555291732869823        3.1412252356356300E-002
   7585.0000000000000       0.19523865061545020       0.10482936133235710        3.2246966944305448E-002
   7626.0000000000000       0.19553549074989432       0.10418340543364751        3.2596082708569278E-002
   7667.0000000000000       0.19640424175954202       0.10224125235248953        3.3669484780080479E-002
   7708.0000000000000       0.19657342263184177       0.10015696593929589        3.5584590320973719E-002
   7749.0000000000000       0.19746745125107673        9.7622707046883597E-002   3.7224820594153843E-002
   7790.0000000000000       0.19782543501904240        9.6432479313627112E-002   3.8057064559444825E-002
   7831.0000000000000       0.19870394733302646        9.3922792583124498E-002   3.9688238975964261E-002
   7872.0000000000000       0.19946188259558745        9.1242431849209618E-002   4.1610664447313615E-002
   7913.0000000000000       0.19978551024900276        8.9102453521438460E-002   4.3427015121671964E-002
   7954.0000000000000       0.20009783426706831        8.7514543672394390E-002   4.4702600952648858E-002
   7995.0000000000000       0.20050373405326471        8.6290321189916072E-002   4.5520923648932496E-002
   8036.0000000000000       0.20044386359994923        8.5398055725859456E-002   4.6473059566301607E-002
   8077.0000000000000       0.20075815665401658        8.3157982832486377E-002   4.8398839405608081E-002
   8118.0000000000000       0.20014142212421257        8.3134269634671368E-002   4.9039287133227395E-002
   8159.0000000000000       0.20000205300889287        8.3179456008458802E-002   4.9133469874761894E-002
   8200.0000000000000       0.19976364512972519        8.2387175201212387E-002   5.0164158561178285E-002
   8241.0000000000000       0.19945089892429554        8.2949364807047260E-002   4.9914715160770243E-002
   8282.0000000000000       0.19908531583603856        8.4819335578904087E-002   4.8410327477171528E-002
   8323.0000000000000       0.19846198654311059        8.6392987660423123E-002   4.7460004688578805E-002
   8364.0000000000000       0.19890693246790805        8.7072813067977914E-002   4.6335233356226614E-002
   8405.0000000000000       0.19810115237035852        8.9923971434691094E-002   4.4289855087062784E-002
   8446.0000000000000       0.19776696073336839        9.1727865123883284E-002   4.2820153034859261E-002
   8487.0000000000000       0.19770984207484335        9.3249791982847510E-002   4.1355344834423255E-002
   8528.0000000000000       0.19783670905426798        9.4758762033740535E-002   3.9719507804105540E-002
   8569.0000000000000       0.19863891410635004        9.6097606355485102E-002   3.7578458430281472E-002
   8610.0000000000000       0.19931643578100383        9.7697172148915087E-002   3.5301370962195544E-002
   8651.0000000000000       0.19982853158981403        9.8758088910787648E-002   3.3728358391512094E-002
   8692.0000000000000       0.20022111295333087       0.10016667859184002        3.1927187346943782E-002
   8733.0000000000000       0.20150631516574710       0.10076672340902246        3.0041940317341750E-002
   8774.0000000000000       0.20278299258183288       0.10030719554530565        2.9224790764974133E-002
   8815.0000000000000       0.20376940700514140       0.10060008881063236        2.7945483076339005E-002
   8856.0000000000000       0.20456785699494151       0.10046485132382589        2.7282270573342766E-002
   8897.0000000000000       0.20530635273593195        9.9976877447284951E-002   2.7031748708898694E-002
   8938.0000000000000       0.20640458629464142        9.8857889779510918E-002   2.7052502817963380E-002
   8979.0000000000000       0.20728259939788674        9.7604625744835777E-002   2.7427753749388707E-002
   9020.0000000000000       0.20774975743761284        9.5727727259233703E-002   2.8837494195266659E-002
   9061.0000000000000       0.20788134245344295        9.5123284646158657E-002   2.9310351792513647E-002
   9102.0000000000000       0.20867546757768229        9.3838300773616948E-002   2.9801210540812331E-002
   9143.0000000000000       0.20928619195902287        9.2885867078002074E-002   3.0142919855087717E-002
   9184.0000000000000       0.20962578081272173        9.1348141220587847E-002   3.1341056858802376E-002
   9225.0000000000000       0.20998154454343673        8.9104056319439143E-002   3.3229378029240753E-002
   9266.0000000000000       0.21011251905427708        8.8184424853111509E-002   3.4018034984725387E-002
   9307.0000000000000       0.21032526092957804        8.7145997573485165E-002   3.4843720389050654E-002
   9348.0000000000000       0.21033837932649688        8.5867156464121533E-002   3.6109443101493159E-002
   9389.0000000000000       0.21130115537739630        8.3342850736884994E-002   3.7670972777831206E-002
   9430.0000000000000       0.21178868026141900        8.1760730114942684E-002   3.8765568515753024E-002
   9471.0000000000000       0.21234019704314325        8.0282743554812228E-002   3.9692038294158065E-002
   9512.0000000000000       0.21260327855809719        7.9573697103799634E-002   4.0138003230213659E-002
   9553.0000000000000       0.21315329158930640        7.9038419344669805E-002   4.0123267958140973E-002
   9594.0000000000000       0.21366694146439844        7.7977894647883461E-002   4.0670142779832448E-002
   9635.0000000000000       0.21430977820901234        7.6575507577175045E-002   4.1429693105923281E-002
   9676.0000000000000       0.21523294562793349        7.4740450572105918E-002   4.2341582692074123E-002
   9717.0000000000000       0.21537799828060292        7.4627708509566071E-002   4.2309272101943511E-002
   9758.0000000000000       0.21550763701731479        7.4864151525497136E-002   4.1943190349303876E-002
   9799.0000000000000       0.21598228529810370        7.4303282445703722E-002   4.2029411148303740E-002
   9840.0000000000000       0.21559536296417534        7.4800408180527356E-002   4.1919207747414880E-002
   9881.0000000000000       0.21584359870936159        7.5414923234718434E-002   4.1056456948035468E-002
   9922.0000000000000       0.21562333962762240        7.5937141157043656E-002   4.0754498107444644E-002
   9963.0000000000000       0.21559876055660365        7.6945411008488493E-002   3.9770807327023490E-002
   10004.000000000000       0.21577510213163562        7.7660020098679394E-002   3.8879856661797781E-002
   10045.000000000000       0.21585172388963977        7.8431705553252032E-002   3.8031549449219673E-002
   10086.000000000000       0.21532588245098505        7.9815572265730717E-002   3.7173524175399757E-002
   10127.000000000000       0.21493611737573703        8.1326193074852879E-002   3.6052668441522530E-002
   10168.000000000000       0.21522510875911241        8.2398915639937342E-002   3.4690954493062948E-002
   10209.000000000000       0.21561766362069332        8.2551317075200623E-002   3.4145998196217463E-002
   10250.000000000000       0.21581417346860179        8.2612694443573734E-002   3.3888110979935271E-002
   10291.000000000000       0.21524670107896737        8.4145985426125447E-002   3.2922292387018388E-002
   10332.000000000000       0.21582987246236873        8.4788174398227917E-002   3.1696932031515974E-002
   10373.000000000000       0.21628216263196134        8.4917544482181403E-002   3.1115271777972759E-002
   10414.000000000000       0.21718573909876318        8.3819917847412273E-002   3.1309321945935144E-002
   10455.000000000000       0.21753302184590942        8.4185940850257365E-002   3.0596016195948431E-002
   10496.000000000000       0.21760423681339841        8.4364680143910867E-002   3.0346061934804724E-002
   10537.000000000000       0.21801335216893447        8.3182047371725923E-002   3.1119579351453552E-002
   10578.000000000000       0.21830964110331960        8.2998673318473382E-002   3.1006664470319179E-002
   10619.000000000000       0.21942562690920797        8.1788647922325527E-002   3.1100704060578726E-002
   10660.000000000000       0.21961898776265906        8.1082664081384273E-002   3.1613327048071897E-002
   10701.000000000000       0.21961385272277356        8.0863350524632102E-002   3.1837775644706426E-002
   10742.000000000000       0.21942147818899749        8.0903966518125384E-002   3.1989534184990995E-002
   10783.000000000000       0.21989154600852387        7.9857317909298647E-002   3.2566114974292931E-002
   10824.000000000000       0.21981619037238875        7.9502749955241994E-002   3.2996038564480877E-002
   10865.000000000000       0.21997615040734414        7.9715655888136908E-002   3.2623172596629370E-002
   10906.000000000000       0.21956171157721516        7.9902183094893456E-002   3.2851084220002068E-002
   10947.000000000000       0.21918320410082365        7.9462976161305987E-002   3.3668798629980540E-002
   10988.000000000000       0.21916273415353099        7.9687069013986547E-002   3.3465175724595737E-002
   11029.000000000000       0.21960820317810598        7.9971063115602717E-002   3.2735712598401884E-002
   11070.000000000000       0.21903759858454264        8.1250720926030487E-002   3.2026659381539216E-002
   11111.000000000000       0.21949747039719653        8.0529745519449122E-002   3.2287762975465248E-002
   11152.000000000000       0.21965554882410321        8.0721862357187243E-002   3.1937567710824094E-002
   11193.000000000000       0.21994162414928670        8.1510912630686189E-002   3.0862442112142348E-002
   11234.000000000000       0.22087060322334282        8.1251773267263641E-002   3.0192602401509148E-002
   11275.000000000000       0.22128907163083453        8.1644496385148507E-002   2.9381410876128406E-002
   11316.000000000000       0.22222181957918299        8.1734694265932009E-002   2.8358465046999636E-002
   11357.000000000000       0.22305762869805043        8.1481530493142523E-002   2.7775819700918334E-002
   11398.000000000000       0.22397486846439280        8.1028926170104279E-002   2.7311184257614352E-002
   11439.000000000000       0.22487049832156109        8.0903399175627208E-002   2.6541081394924386E-002
   11480.000000000000       0.22509135781761644        8.1123469072143156E-002   2.6100152002355003E-002
   11521.000000000000       0.22584368313566955        8.0833228594504022E-002   2.5638067161943032E-002
   11562.000000000000       0.22634012476910720        8.0390262464807252E-002   2.5584591658201854E-002
   11603.000000000000       0.22720334872584749        7.9104499559362607E-002   2.6007130606904315E-002
   11644.000000000000       0.22716063812731718        7.9873040296297507E-002   2.5281300468496866E-002
   11685.000000000000       0.22781415694408294        7.9916292572959041E-002   2.4584529375075097E-002
   11726.000000000000       0.22773936377309001        7.9426299451012164E-002   2.5149315668014257E-002
   11767.000000000000       0.22800400452635364        7.9048643036373378E-002   2.5262331329381726E-002
   11808.000000000000       0.22838855746464162        7.9262115371526609E-002   2.4664306055948514E-002
   11849.000000000000       0.22840013675586973        7.8357344947593777E-002   2.5557497188647034E-002
   11890.000000000000       0.22852975714993273        7.7582138406342968E-002   2.6203083335836763E-002
   11931.000000000000       0.22940543330200278        7.6317221896168921E-002   2.6592323693941745E-002
   11972.000000000000       0.22929438275021854        7.5637467286829393E-002   2.7383128855067825E-002
   12013.000000000000       0.22951932042267117        7.4736513890937564E-002   2.8059144578506508E-002
   12054.000000000000       0.22976673260799987        7.4117804498698869E-002   2.8430441785415914E-002
   12095.000000000000       0.23015593221250599        7.3393151765549516E-002   2.8765894914059901E-002
   12136.000000000000       0.23080652951599392        7.2210005831214938E-002   2.9298443544902901E-002
   12177.000000000000       0.23117019261447561        7.0719651507838904E-002   3.0425134769800150E-002
   12218.000000000000       0.23132320001376944        6.9859610820148271E-002   3.1132168058195835E-002
   12259.000000000000       0.23141439406106404        6.9073237723669148E-002   3.1827347107377918E-002
   12300.000000000000       0.23242789831007316        6.7139020822247375E-002   3.2748059759796153E-002
   12341.000000000000       0.23268497392651835        6.6501459406561436E-002   3.3128545559028215E-002
   12382.000000000000       0.23228720571333258        6.6648899060001071E-002   3.3378874118783326E-002