   0.0000000000000000      -3.3753687063506939E-008   2.5850959848235818E-008   1.0000000754104801     
   41.000000000000000      -1.9073078992363579E-004   1.3694107744614437E-002  0.98649669055268785     
   82.000000000000000       3.7837763981176773E-005   5.0183637821730839E-002  0.94977859192166292     
   123.00000000000000       4.3481289370100783E-005   9.7699918144094261E-002  0.90225666807390703     
   164.00000000000000       3.9073355620156835E-004  0.14149852958708892       0.85811080436408227     
   205.00000000000000       3.8096371154274541E-004  0.17682900075257274       0.82279010304324951     
   246.00000000000000       1.1443995707616861E-003  0.20416670829333669       0.79468895964327602     
   287.00000000000000       9.8933351933892127E-004  0.22690339189803266       0.77210734208999576     
   328.00000000000000       2.0322589663808134E-003  0.24486604404598128       0.75310176449501420     
   369.00000000000000       2.1199988351111292E-003  0.26329973063210838       0.73458033804015033     
   410.00000000000000       2.7373270652232317E-003  0.28331265957346963       0.71395008086867495     
   451.00000000000000       5.1699660511866381E-003  0.30099648108843502       0.69383362036775176     
   492.00000000000000       6.5848729404372709E-003  0.31412517951001567       0.67929001505692632     
   533.00000000000000       1.0329457957761025E-002  0.31710969345885731       0.67256091609075319     
   574.00000000000000       1.2258975273801464E-002  0.31740683459929137       0.67033425763427490     
   615.00000000000000       1.6798752782857609E-002  0.31409641700149793       0.66910489772301884     
   656.00000000000000       2.0133086257735432E-002  0.31422298179712072       0.66564399945251751     
   697.00000000000000       2.2462175019062908E-002  0.31841989120615583       0.65911800128215414     
   738.00000000000000       2.4364454974801844E-002  0.32439799464427987       0.65123761788829670     
   779.00000000000000       2.7147289225419036E-002  0.33216274945071050       0.64069002883123782     
   820.00000000000000       2.9180834989663808E-002  0.34263430436626613       0.62818492815144233     
   861.00000000000000       3.0829750814316881E-002  0.35651922688347804       0.61265108980958038     
   902.00000000000000       3.2556322653993310E-002  0.37932035196908609       0.58812339288429161     
   943.00000000000000       3.4026460178006770E-002  0.40994363681441587       0.55602997051495362     
   984.00000000000000       3.6274928240674048E-002  0.45166695520496736       0.51205818406172865     
   1025.0000000000000       3.8731482889231603E-002  0.50547195725193261       0.45579662736620774     
   1066.0000000000000       4.0505759877540765E-002  0.55813968435765093       0.40135462327217891     
   1107.0000000000000       4.3354602914030538E-002  0.60996232644058779       0.34668313815275426     
   1148.0000000000000       4.6986784231882191E-002  0.65569235216537736       0.29732093111011271     
   1189.0000000000000       5.2056019039347222E-002  0.69796420906109546       0.24997983940692503     
   1230.0000000000000       5.7995176369106165E-002  0.73539978140548767       0.20660510973278501     
   1271.0000000000000       6.1660244795579577E-002  0.76275131524190842       0.17558850746988292     
   1312.0000000000000       6.7343562318411751E-002  0.77918405620781772       0.15347244898114148     
   1353.0000000000000       7.5687766250712149E-002  0.78644784422528513       0.13786445703137196     
   1394.0000000000000       8.5269207804618441E-002  0.78750382069192060       0.12722703901083202     
   1435.0000000000000       9.5490416443685583E-002  0.78007758284138085       0.12443206822231122     
   1476.0000000000000      0.10395967061344547       0.77751966361729952       0.11852073327663079     
   1517.0000000000000      0.11292682960435858       0.76948360636455360       0.11758963153846164     
   1558.0000000000000      0.12097665283486933       0.75914214852926765       0.11988126614324188     
   1599.0000000000000      0.12958863175076718       0.74984947112945244       0.12056196462715803     
   1640.0000000000000      0.13905288065087379       0.73545298536914894       0.12549420148735072     
   1681.0000000000000      0.14700712270075497       0.71954836865943483       0.13344457614718189     
   1722.0000000000000      0.15423537682987509       0.69941459053254929       0.14635010014494876     
   1763.0000000000000      0.16304466942551982       0.67539617550727360       0.16155922257458219     
   1804.0000000000000      0.16871076951925368       0.65016978507029688       0.18111951291782161     
   1845.0000000000000      0.17408340188795746       0.62057860812907095       0.20533805749034392     
   1886.0000000000000      0.17927735700958022       0.59110277717465209       0.22961993332314273     
   1927.0000000000000      0.18327543832067730       0.55784260139108643       0.25888202779560732     
   1968.0000000000000      0.18737301186247829       0.52299892481065779       0.28962813083423417     
   2009.0000000000000      0.19183017180614373       0.49208896272526820       0.31608093297595852     
   2050.0000000000000      0.19693853750625329       0.46434018849550368       0.33872134150561500     
   2091.0000000000000      0.20225372714634310       0.44061135107103178       0.35713498928999921     
   2132.0000000000000      0.20681495739057079       0.41864279540125549       0.37454231471554539     
   2173.0000000000000      0.21000201577912858       0.40238783716316995       0.38761021456507433     
   2214.0000000000000      0.21383906528972110       0.39011332074831717       0.39604768146933461     
   2255.0000000000000      0.21710660577847452       0.38387947007398276       0.39901399165491330     
   2296.0000000000000      0.22014748697966710       0.38598025333988267       0.39387232718782428     
   2337.0000000000000      0.22374240478469778       0.39309470338856944       0.38316295933410638     
   2378.0000000000000      0.22886056014671488       0.40167892232959479       0.36946058503105994     
   2419.0000000000000      0.23195496469213522       0.41453928581878674       0.35350581699644812     
   2460.0000000000000      0.23637460233579008       0.42866981040566754       0.33495565476591443     
   2501.0000000000000      0.24008774141804073       0.44630198013086403       0.31361034595846737     
   2542.0000000000000      0.24369282182302351       0.46345050268010951       0.29285674300423520     
   2583.0000000000000      0.24725264061902619       0.48178240233416381       0.27096502455418447     
   2624.0000000000000      0.24914762119208667       0.50037647824216969       0.25047596807311839     
   2665.0000000000000      0.25301121320804754       0.51573429930473991       0.23125455499458694     
   2706.0000000000000      0.25509117900928713       0.53471020345929965       0.21019868503878414     
   2747.0000000000000      0.25886801840604817       0.54892011058549017       0.19221193851583609     
   2788.0000000000000      0.26168483276278548       0.56036222708133487       0.17795300766325184     
   2829.0000000000000      0.26368100825563406       0.57140529739128287       0.16491376186045373     
   2870.0000000000000      0.26859730179732050       0.58018276026933513       0.15122000544072178     
   2911.0000000000000      0.27328676714774813       0.58745919454019424       0.13925410581943407     
   2952.0000000000000      0.27666548127484697       0.59294779739596759       0.13038678883656071     
   2993.0000000000000      0.27896908620685351       0.59930357152602953       0.12172740977449141     
   3034.0000000000000      0.28350210749264387       0.60212788942457718       0.11437007059015154     
   3075.0000000000000      0.28517671461667526       0.60425527429162973       0.11056807859906682     
   3116.0000000000000      0.28745353865228990       0.60234849178388161       0.11019803707119745     
   3157.0000000000000      0.28790705456330040       0.60145374223375692       0.11063927071031050     
   3198.0000000000000      0.28891372225902578       0.59737345797224173       0.11371288727610780     
   3239.0000000000000      0.29030043322655164       0.59319004818067322       0.11650958610014384     
   3280.0000000000000      0.29249728259264146       0.58302947105904313       0.12447331385568654     
   3321.0000000000000      0.29424085941667649       0.57039252882909719       0.13536667926159685     
   3362.0000000000000      0.29732689173090510       0.55383866403946047       0.14883451173700685     
   3403.0000000000000      0.30250552612407311       0.53293793987719962       0.16455660150610057     
   3444.0000000000000      0.30456980552002633       0.51309268881419712       0.18233757317314436     
   3485.0000000000000      0.31072761242339869       0.48641992318906180       0.20285253189491068     
   3526.0000000000000      0.31404846826919230       0.46127506997515966       0.22467652926302703     
   3567.0000000000000      0.31856862070557124       0.43598510572490884       0.24544634107689101     
   3608.0000000000000      0.32299083219372504       0.41453107404854467       0.26247816126510326     
   3649.0000000000000      0.32795078115281051       0.39487995318081059       0.27716933317375525     
   3690.0000000000000      0.33488727806632468       0.37846503172912815       0.28664775771192025     
   3731.0000000000000      0.33842885124094457       0.37040702583871815       0.29116419042771219     
   3772.0000000000000      0.34330383552185451       0.36546814559158708       0.29122808639393111     
   3813.0000000000000      0.34931088366566587       0.36441958568061750       0.28626959816108566     
   3854.0000000000000      0.35450231368800161       0.37069204741324807       0.27480570640612717     
   3895.0000000000000      0.35807996584784385       0.37886043027540789       0.26305967138412145     
   3936.0000000000000      0.36323254864981025       0.38544566272353753       0.25132185613402364     
   3977.0000000000000      0.36673593961545892       0.39921490692721606       0.23404922096469666     
   4018.0000000000000      0.37174378649885415       0.41609089671356825       0.21216538429494869     
   4059.0000000000000      0.37444608711125793       0.43096945282162302       0.19458452757449096     
   4100.0000000000000      0.37542470716988852       0.44566689722087588       0.17890846311661027     
   4141.0000000000000      0.37775746322331261       0.45992090920242101       0.16232169508164179     
   4182.0000000000000      0.37884298717245229       0.47529974941759673       0.14585733091732600     
   4223.0000000000000      0.38439060022157967       0.48347911659578957       0.13213035069000184     
   4264.0000000000000      0.39221671078283060       0.48663879424961626       0.12114456247492723     
   4305.0000000000000      0.40126694947143693       0.48746815107978203       0.11126496695615391     
   4346.0000000000000      0.40731675536149325       0.48991765175212248       0.10276566039376264     
   4387.0000000000000      0.41442213842540754       0.49024730346043854        9.5330625621526888E-002
   4428.0000000000000      0.42069555064542791       0.48785750278131379        9.1447014080626610E-002
   4469.0000000000000      0.42674167728678047       0.48410549957908083        8.9152890641516117E-002
   4510.0000000000000      0.43353691945935308       0.47587548534737867        9.0587662700642516E-002
   4551.0000000000000      0.43857690546642553       0.46860228958191225        9.2820872459038570E-002
   4592.0000000000000      0.44162920204396927       0.46283179087030596        9.5539074593100431E-002
   4633.0000000000000      0.44520575772601606       0.45370301692327974       0.10109129285807840     
   4674.0000000000000      0.44849786920940010       0.44577815364132173       0.10572404465665271     
   4715.0000000000000      0.45266649388146646       0.43309515573853657       0.11423841788736835     
   4756.0000000000000      0.45573198371653478       0.42115917292807920       0.12310891086275920     
   4797.0000000000000      0.45895312140341504       0.40829857561055388       0.13274837049340529     
   4838.0000000000000      0.46139771602632529       0.39393569229329439       0.14466665918775026     
   4879.0000000000000      0.46338346063850738       0.38014541866791218       0.15647118820095751     
   4920.0000000000000      0.46471435089931606       0.36596582938303096       0.16931988722502300     
   4961.0000000000000      0.46523207316969556       0.35334165281171426       0.18142634152596526     
   5002.0000000000000      0.46780374332780805       0.33668349698257799       0.19551282719698712     
   5043.0000000000000      0.46945204407309982       0.32366168374151183       0.20688633969276304     
   5084.0000000000000      0.47161868230898640       0.31150919396575788       0.21687219123262791     
   5125.0000000000000      0.47486231168309412       0.29734890260844460       0.22778885321583148     
   5166.0000000000000      0.47623382468128345       0.28804560655465344       0.23572063627143477     
   5207.0000000000000      0.47799807671131173       0.27840008903341923       0.24360190176263771     
   5248.0000000000000      0.48197542149703076       0.26637700704661404       0.25164763896372611     
   5289.0000000000000      0.48289995196897301       0.26029354037782493       0.25680657516057931     
   5330.0000000000000      0.48452808991487084       0.25925595767196241       0.25621601992053894     
   5371.0000000000000      0.48742748646100814       0.26015877894895012       0.25241380209741410     
   5412.0000000000000      0.48828582660403824       0.26403200368098012       0.24768223722235294     
   5453.0000000000000      0.48858675958981096       0.26978582403376927       0.24162748388379540     
   5494.0000000000000      0.49205301547248437       0.27644636425747487       0.23150068777741212     
   5535.0000000000000      0.49347086284789454       0.28633852323883507       0.22019068142064604     
   5576.0000000000000      0.49512240078684749       0.29635683520365680       0.20852083151687076     
   5617.0000000000000      0.49570917320393604       0.31029444234125941       0.19399645196217738     
   5658.0000000000000      0.49796271895606009       0.32183660842081852       0.18020074013049603     
   5699.0000000000000      0.50153210723495312       0.33165661056577916       0.16681134970664024     
   5740.0000000000000      0.50318612114420136       0.34490527258860870       0.15190867377456532     
   5781.0000000000000      0.50237873873359040       0.35989772647040436       0.13772360230338096     
   5822.0000000000000      0.50277195324377366       0.37170588797802234       0.12552222628557777     
   5863.0000000000000      0.50307064080955743       0.38164394491968490       0.11528548177813429     
   5904.0000000000000      0.50155876079262074       0.38836882265126915       0.11007248406347866     
   5945.0000000000000      0.50584471216140736       0.39095429173128959       0.10320106361467500     
   5986.0000000000000      0.50880095618423349       0.39564621303343339        9.5552898289706201E-002
   6027.0000000000000      0.51300839840175949       0.39751782254197987        8.9473846563629722E-002
   6068.0000000000000      0.51880475377158264       0.39125823757299916        8.9937076162788718E-002
   6109.0000000000000      0.52311158298849636       0.38715356341049656        8.9734921108380050E-002
   6150.0000000000000      0.52833522237387720       0.38110035544010618        9.0564489693395783E-002
   6191.0000000000000      0.53105064188492190       0.37454433239165125        9.4405093230799333E-002
   6232.0000000000000      0.53490729139197168       0.36457603588473619       0.10051674023066910     
   6273.0000000000000      0.53730374129867919       0.36031930869473427       0.10237701751395505     
   6314.0000000000000      0.54087019402209158       0.35184881248662092       0.10728106099866140     
   6355.0000000000000      0.54409556835763884       0.34171832982281497       0.11418616932691678     
   6396.0000000000000      0.54605138133557185       0.33232376730422447       0.12162491886757687     
   6437.0000000000000      0.54990907939855438       0.32109477599775371       0.12899621211106399     
   6478.0000000000000      0.55341679817392941       0.31168869874385641       0.13489457058958962     
   6519.0000000000000      0.55554271469005900       0.30376000172638390       0.14069735109093498     
   6560.0000000000000      0.55794091164958093       0.29596128494816532       0.14609787090962717     
   6601.0000000000000      0.56125809313677144       0.28923856335434711       0.14950341101625023     
   6642.0000000000000      0.56391315394472086       0.28424003758007016       0.15184687598258037     
   6683.0000000000000      0.56734419580740802       0.27882058467014459       0.15383528702981938     
   6724.0000000000000      0.56902021176044493       0.27785777658158145       0.15312207916534748     
   6765.0000000000000      0.57271209970612558       0.27603047829276633       0.15125748950847906     
   6806.0000000000000      0.57542780970486951       0.27664939586290171       0.14792286193960610     
   6847.0000000000000      0.57943986938439340       0.27391605351883386       0.14664414460414160     
   6888.0000000000000      0.58320201446579523       0.27333324109298718       0.14346481194859129     
   6929.0000000000000      0.58538073545884717       0.27715693205299918       0.13746239999552592     
   6970.0000000000000      0.59156220404971749       0.27563743255999823       0.13280043089765622     
   7011.0000000000000      0.59702407108997146       0.27564510918886487       0.12733088722852987     
   7052.0000000000000      0.59998276034638331       0.28033332032574115       0.11968398683524788     
   7093.0000000000000      0.60266621763945660       0.28279825020180843       0.11453559966610745     
   7134.0000000000000      0.60610871930499544       0.28277109079380491       0.11112025740857005     
   7175.0000000000000      0.60847243502487702       0.28716677047411615       0.10436086200837674     
   7216.0000000000000      0.61035765652183105       0.29066013490759929        9.8982276077939232E-002
   7257.0000000000000      0.61212239915648037       0.29356569803799432        9.4311970312896815E-002
   7298.0000000000000      0.61436676983245730       0.29338594441417809        9.2247353260735299E-002
   7339.0000000000000      0.61714461150466215       0.29540436746046889        8.7451088542243691E-002
   7380.0000000000000      0.61982328318355995       0.29551958002498047        8.4657204298833846E-002
   7421.0000000000000      0.62088278161214672       0.29559824687377101        8.3519039021447569E-002
   7462.0000000000000      0.62058481410826027       0.29906400728994081        8.0351246109170507E-002
   7503.0000000000000      0.62281865953481053       0.29819531133677035        7.8986096635795006E-002
   7544.0000000000000      0.62302897293262605       0.29835510164732615        7.8615992927418055E-002
   7585.0000000000000      0.62480252579459084       0.29675710947470302        7.8440432238080338E-002
   7626.0000000000000      0.62696449506207874       0.29145314529150262        8.1582427153791034E-002
   7667.0000000000000      0.62570871895983782       0.28830795539621945        8.5983393151317769E-002
   7708.0000000000000      0.62704273891365714       0.28424777956718678        8.8709549026524809E-002
   7749.0000000000000      0.62904926096692804       0.27862938505551232        9.2321421484929500E-002
   7790.0000000000000      0.63003002585908496       0.27207020310229069        9.7899838545993378E-002
   7831.0000000000000      0.63324657834344167       0.26190441044227797       0.10484907872165176     
   7872.0000000000000      0.63607535526954539       0.25483221037819725       0.10909250185962499     
   7913.0000000000000      0.63769870396373074       0.24833975397398519       0.11396160956965777     
   7954.0000000000000      0.63879510004238527       0.24117866014537548       0.12002630731961240     
   7995.0000000000000      0.64071988502930055       0.23409969855495805       0.12518048392311351     
   8036.0000000000000      0.64330909584249341       0.22810633054384744       0.12858464112102788     
   8077.0000000000000      0.64322442075041042       0.22445608644209616       0.13231956031486702     
   8118.0000000000000      0.64505229420435051       0.22185819643276955       0.13308957687025183     
   8159.0000000000000      0.64744614226923314       0.21940115473147115       0.13315277050666763     
   8200.0000000000000      0.64830669937868668       0.21775168599523742       0.13394168213344565     
   8241.0000000000000      0.64863121313396288       0.21798825543046804       0.13338059894294199     
   8282.0000000000000      0.65001857726571988       0.22054382529124639       0.12943766495040113     
   8323.0000000000000      0.64960173285488287       0.22464310528039827       0.12575522937209338     
   8364.0000000000000      0.64928897830581100       0.22894958286476491       0.12176150633679578     
   8405.0000000000000      0.64823205331560041       0.23577733033934437       0.11599068385242964     
   8446.0000000000000      0.64747470955749042       0.24270371055699702       0.10982164739288756     
   8487.0000000000000      0.64551686861086588       0.24940708071695714       0.10507611817954830     
   8528.0000000000000      0.64555350185364213       0.25598847326306129        9.8458092390667648E-002
   8569.0000000000000      0.64468331901494758       0.26243925815350816        9.2877490338918414E-002
   8610.0000000000000      0.64456248312485898       0.26758290600965468        8.7854678372863412E-002
   8651.0000000000000      0.64581916134830208       0.27159591353594154        8.2584992623130363E-002
   8692.0000000000000      0.64893481269705466       0.27425857503631551        7.6806679774004627E-002
   8733.0000000000000      0.65238467489432350       0.27406001164604321        7.3555380967002912E-002
   8774.0000000000000      0.65481553055536601       0.27580871958217906        6.9375817369823164E-002
   8815.0000000000000      0.65896507974508656       0.27567340673377466        6.5361581028512306E-002
   8856.0000000000000      0.66286558276837204       0.27208752811969689        6.5046956619306651E-002
   8897.0000000000000      0.66569628557429761       0.27177210001705476        6.2531681916015117E-002
   8938.0000000000000      0.66909429541945631       0.26932996128446407        6.1575810803452667E-002
   8979.0000000000000      0.67036482780672690       0.26640895474211718        6.3226284958529402E-002
   9020.0000000000000      0.67250370284962413       0.26225076572130174        6.5245598936451904E-002
   9061.0000000000000      0.67530976839396317       0.25798028424741065        6.6710014866003531E-002
   9102.0000000000000      0.67856623665794025       0.25479594900661556        6.6637881842818991E-002
   9143.0000000000000      0.67920659649465909       0.25117768948236013        6.9615781530355914E-002
   9184.0000000000000      0.68287708124709889       0.24223339983660752        7.4889586423664889E-002
   9225.0000000000000      0.68362280337093440       0.23725856826133512        7.9118695875103284E-002
   9266.0000000000000      0.68395608031970001       0.23617837937820627        7.9865607809466777E-002
   9307.0000000000000      0.68452145373361495       0.23292966638541190        8.2548947388345020E-002
   9348.0000000000000      0.68633041422206464       0.22346126627736154        9.0208387007947366E-002
   9389.0000000000000      0.68889462764900766       0.21689331935763490        9.4212120500729010E-002
   9430.0000000000000      0.69168504301036260       0.21357198918226183        9.4743035314751617E-002
   9471.0000000000000      0.69163015145318207       0.21070870751724238        9.7661208536947430E-002
   9512.0000000000000      0.69293709534945069       0.20486165612795643       0.10220131602996443     
   9553.0000000000000      0.69527720117823633       0.19679225706813880       0.10793060926099626     
   9594.0000000000000      0.69868252546576304       0.19028444191376331       0.11103310012784616     
   9635.0000000000000      0.70137685369014635       0.18738094175990361       0.11124227205732234     
   9676.0000000000000      0.70139854781547772       0.18656791190943117       0.11203360778245951     
   9717.0000000000000      0.70359184606859360       0.18241126973196523       0.11399695170681552     
   9758.0000000000000      0.70381835784005065       0.18166175969222537       0.11451994997509864     
   9799.0000000000000      0.70522679402286559       0.18192662281891933       0.11284665066558079     
   9840.0000000000000      0.70604831149906278       0.18148607932574498       0.11246567668256510     
   9881.0000000000000      0.70772301507589586       0.18058125410357817       0.11169579832789875     
   9922.0000000000000      0.70730116753978411       0.18527047005210071       0.10742842991548758     
   9963.0000000000000      0.71072294389233825       0.18586610578197049       0.10341101783306560     
   10004.000000000000      0.71136343433715243       0.18819872746470692       0.10043790570551145     
   10045.000000000000      0.71265553279474592       0.19170195850313207        9.5642576209496594E-002
   10086.000000000000      0.71301824139469050       0.19545886628416134        9.1522959828517228E-002
   10127.000000000000      0.71373320743872237       0.19904048696025264        8.7226373108398703E-002
   10168.000000000000      0.71380388385236815       0.20497814642735238        8.1218037227649101E-002
   10209.000000000000      0.71279649596836403       0.21063775311033309        7.6565818428680710E-002
   10250.000000000000      0.71468677010591375       0.21286722770247621        7.2446069698983720E-002
   10291.000000000000      0.71345205782684207       0.21739794380571689        6.9150065874813343E-002
   10332.000000000000      0.71407009297304591       0.21849086171882467        6.7439112815497956E-002
   10373.000000000000      0.71552491833139831       0.21931134475342248        6.5163804422552180E-002
   10414.000000000000      0.71496167792922416       0.22070814229871707        6.4330247279430181E-002
   10455.000000000000      0.71793178924559087       0.22015570246117980        6.1912575800603303E-002
   10496.000000000000      0.71939768429411055       0.21961655955008372        6.0985823663176737E-002
   10537.000000000000      0.72231306994773214       0.21535097310962467        6.2336024450018450E-002
   10578.000000000000      0.72285678980438217       0.21305560544869107        6.4087672254298345E-002
   10619.000000000000      0.72372719850096190       0.21219899271787332        6.4073876288541276E-002
   10660.000000000000      0.72352634820919837       0.20960166391080004        6.6872055387380169E-002
   10701.000000000000      0.72618534133347523       0.20522253883726121        6.8592187336638952E-002
   10742.000000000000      0.72718471937484475       0.20534111546509118        6.7474232667432826E-002
   10783.000000000000      0.72632047403984890       0.20253756236343781        7.1142031104080752E-002
   10824.000000000000      0.72863503712373057       0.19816049354945620        7.3204536834181863E-002
   10865.000000000000      0.72789270304751286       0.19851781028593996        7.3589554173922794E-002
   10906.000000000000      0.73047735942751102       0.19649658043649204        7.3026127643368785E-002
   10947.000000000000      0.73104903288778333       0.19670189721048734        7.2249137409104394E-002
   10988.000000000000      0.72999504343959221       0.19734387985473101        7.2661144213043774E-002
   11029.000000000000      0.72939048249264560       0.19752502173988623        7.3084563274844958E-002
   11070.000000000000      0.72955350796055263       0.19792134131493361        7.2525218231881239E-002
   11111.000000000000      0.72841352224880562       0.20083172834845905        7.0754816910109541E-002
   11152.000000000000      0.73047502845617407       0.19958921436835408        6.9935824682839237E-002
   11193.000000000000      0.73000222920093782       0.20019855622544896        6.9799282080983766E-002
   11234.000000000000      0.73110218494939239       0.19913803525501439        6.9759847302963432E-002
   11275.000000000000      0.73179636711612484       0.20206690431770122        6.6136796073549650E-002
   11316.000000000000      0.73430836924349419       0.20179470642505021        6.3896991838828784E-002
   11357.000000000000      0.73714465605295465       0.19884261998301184        6.4012791471407204E-002
   11398.000000000000      0.73848444297597993       0.20135389839165826        6.0161726139732828E-002
   11439.000000000000      0.73882774826625863       0.20070978851720311        6.0462530723913895E-002
   11480.000000000000      0.74130140749734852       0.19956194928130908        5.9136710728716284E-002
   11521.000000000000      0.74583632999357619       0.19618172908477094        5.7982008429027149E-002
   11562.000000000000      0.74823649666657810       0.19437469191730680        5.7388878923487291E-002
   11603.000000000000      0.75002451104336387       0.19443515936016281        5.5540397103845278E-002
   11644.000000000000      0.75009559950341143       0.19554820302512912        5.4356264978829186E-002
   11685.000000000000      0.75412175316651309       0.19177761155143419        5.4100702789422125E-002
   11726.000000000000      0.75541890715190863       0.19118151244309303        5.3399647912376100E-002
   11767.000000000000      0.75793887714317554       0.18798031494459902        5.4080875419595290E-002
   11808.000000000000      0.75734830229671191       0.18813099335222838        5.4520771858434652E-002
   11849.000000000000      0.75813590015834675       0.18746024437290823        5.4403922976111005E-002
   11890.000000000000      0.75933067784923025       0.18558799342593188        5.5081396232211657E-002
   11931.000000000000      0.76143287234891277       0.18400199562062175        5.4565199537834931E-002
   11972.000000000000      0.76000874157416354       0.18226872280212394        5.7722603131088381E-002
   12013.000000000000      0.76313463574849327       0.17605436060343771        6.0811071155440488E-002
   12054.000000000000      0.76198016800428214       0.17589063411702094        6.2129265386068028E-002
   12095.000000000000      0.76424540532882257       0.17102130952733804        6.4733352651212508E-002
   12136.000000000000      0.76725161265644082       0.16661507280168453        6.6133382049244793E-002
   12177.000000000000      0.76830397251938576       0.16626647093551114        6.5429624052469645E-002
   12218.000000000000      0.77042415870620684       0.15969769217532948        6.9878216625830464E-002
   12259.000000000000      0.76954033698888180       0.15565204784596812        7.4807682672519554E-002
   12300.000000000000      0.77202491087723712       0.15092526374256346        7.7049892887570123E-002
   12341.000000000000      0.77369848553647835       0.14821267183883388        7.8088910132058639E-002
   12382.000000000000      0.77414477036212093       0.14695707691293550        7.8898220232320099E-002