0.6350763785175673 0.97373518812272
1.446434034617269 0.951669054598352
2.6899642924374803 0.9324501641093865
3.9103770217453615 0.9122759486545953
5.223616791891828 0.8877612931589932
6.10699058460898 0.8593509455478474
6.900442146572729 0.8298385222114194
7.426791810803039 0.8036498804815823
8.087785617780014 0.7785192143217419
8.526960448390867 0.7580640209358254
8.964386668270947 0.733258284051784
9.804389118412033 0.708252253305945
11.742640936720733 0.6824004113886138
11.993571599837537 0.6635355521604689
13.218827237530192 0.6373109452554475
15.839141015756184 0.6088171070590531
19.79454289602586 0.5927141280272515
21.872490641502367 0.5680779830261915
22.980922981587582 0.5430522152939712
24.312270503472263 0.5160783339059494
25.86725597996957 0.4889545976213274
26.746930724682116 0.451341018574697
27.853616363802132 0.4219694588410733
29.239126673374784 0.3906123217274978
31.40893583185357 0.36262691978742523
32.74329490712651 0.3431457832294095
34.96958574940224 0.3165465390828879
39.11548605205785 0.29541203830855056
44.656795913097 0.30067836753192634
49.63748301219461 0.29986768909129446
53.298471865533514 0.280806146243759
57.001712078384585 0.25374381391676826
62.16611988385685 0.24008843005326885
66.4397826002799 0.2505953990891745
69.12764222613453 0.2678544016090342
71.26661105272649 0.2909663082332471
71.87861188084784 0.3136243685991855
72.96048966530071 0.3356530383994034
74.29923826326842 0.374604346523001
75.78591069104158 0.40376208890415854
76.74195206379534 0.4271894044059774
77.75011103670795 0.45132603308503705
78.79071028783204 0.48015597440666313
79.7909865599749 0.5199745612175526
81.53075234793795 0.555040607021981
85.03533932052471 0.574711559782357
88.57650693606877 0.561154686803266
91.20700245101077 0.5384067134993675
92.31688033672233 0.5169774632855502
93.6496734042334 0.4936000994159312
94.76015360062263 0.47366939816811515
95.87027241060531 0.4528395675406983
98.18750614209986 0.4298817973815596
99.70058284164608 0.40980124123714345
101.36210675169434 0.38801662083996014
104.05397299224819 0.36026670516597326
110.14491500885109 0.3482408497138135
115.0693107396354 0.3557935365024596
121.09667948331182 0.3583510948806016
126.02423371450058 0.34014868529740705
130.7132825710987 0.3187194350835896
136.05142107829758 0.3149401676912841
139.8903987599898 0.3323799881578081
141.68708196260155 0.350039108473015
142.58928312665833 0.36847126075482994
143.34533904026918 0.38528498015336343
144.57616813778165 0.40505383811285156
145.8478591920902 0.42571154968760205
148.12267459599767 0.4509984930967539
152.14026466286268 0.4774671689851533
156.94445466250633 0.4642285396823075
158.94930598414288 0.4432488541582904
160.73045912009897 0.42226916863427355
162.28863684318785 0.40308774186945795
163.84657364200567 0.38330689551824193
166.43048644913796 0.35597336237837984
172.2559750923322 0.34209679895320855
176.5873417530059 0.3583560552343218
180.2502037925523 0.38105907206924017
184.61602864709457 0.40884216989890265
189.96113838621972 0.42421728229007505
193.83682690371484 0.41987149028867154
198.66001169975266 0.3982358058172937
202.3185871676588 0.37316976001286517
207.68093782957413 0.3572321435098208
213.20207888735013 0.3653243079262274
218.0681950369647 0.37629368635735627
222.22854762693237 0.37521473110183534
226.42325891932802 0.3501179650436038
229.14413427318402 0.32780064181755697
232.37891303324858 0.30579445025182916
235.79596437273 0.2938435222479695
240.09741896300602 0.30807973742498107
243.57401642548814 0.3311573915013998
245.93278550131367 0.3558834494404197
247.95432082872117 0.3764135702746364
249.75245912578714 0.39769296559185363
251.10211689227248 0.4162749727702686
253.5256718267318 0.43702987594938547
256.8316765421721 0.46402873315350734
262.94403698880285 0.460743342944236
266.321574135019 0.4361307465697847
268.55226184524156 0.4204709098750721
271.4066603314944 0.39823244321961404
275.8216870848504 0.3788112486202383
280.50909249374223 0.3621274034654248
285.3488756205299 0.35705231763390066
289.999460917253 0.35123794764581606
294.9777995923279 0.3339832266944306
300.42395297073614 0.3145234979787862
305.28482901745514 0.3124555004057046
309.9007091729319 0.33160695619120006
312.59303790204183 0.3513878025424161
314.91356024983634 0.37371618213583424
316.63550624617915 0.3909494952448481
318.6567404182478 0.41073034159606414
321.12546130827894 0.43073597029218036
325.30950277719876 0.4514908734712971
330.0801647306188 0.447594646159694
334.9477896789743 0.41474196239947425
332.56143680025673 0.4332167499895332
337.59152096056437 0.39829238517825405
340.79051343171614 0.38001008779303935
347.27346798398173 0.36932952061717617
353.4004543883037 0.3689278031670882
360.0992662253702 0.37041328274816787
364.6722255260841 0.36060570618206234
369.9324522579959 0.3466923491156122
374.9137984710546 0.347521546210133
379.4819394822206 0.3592102281449425
384.3488644490309 0.3827931073013272
389.72691369867306 0.40591357706248876
396.5662030700548 0.4071980476047755
399.85303825132326 0.39544514214285176
404.00532349207435 0.3742946220367107
407.2156887493699 0.3585159613739868
413.1033976770373 0.35404376737646703
420.2652524681701 0.37495783699337804
425.5772087190893 0.39265637906709827
430.50076062730477 0.3981096353043514
435.41870076286494 0.38960080117544704
440.7081931340155 0.3779121192406376
445.5229201366127 0.37233751708711305
449.90754913051137 0.37269716883895343
454.31559596355714 0.37566429579163574
459.2147669231613 0.37611386048143614
464.56499630304654 0.36712256668542886
470.12766915683153 0.350108665886559
474.5825826877366 0.33838880401172533
477.84532386791625 0.339573023194614
482.5283024857031 0.3494211093161008
486.77127547589066 0.3683813478168698
490.9854023631592 0.3897806270513672
496.7203315526526 0.4103206496060242
