0.24749816597751817 0.9809349418169617
1.794750114631114 0.9543532691962148
2.528997030558145 0.926762903897653
3.301645361053943 0.9025036297932334
6.555745205117148 0.7966339176706919
4.7111738399784855 0.8694771441156769
5.53600970186838 0.8432425157049694
5.638094147356995 0.8190248730992942
7.166756899869654 0.7718952253146534
7.818875155005571 0.7505906586291557
8.27027072674285 0.7288850552690087
9.000237221557256 0.690936978966475
9.67962165667808 0.6650685554134371
14.602825414895591 0.6724007173178312
15.66003757703919 0.6608778150013361
17.004810461797362 0.6426418805797999
18.573867256740627 0.6205942453823178
20.367294576489286 0.5906836590972656
21.714697529203818 0.5629698957554311
22.83688255422537 0.5400993308766515
23.982353220715467 0.5143884434301483
24.92678059060107 0.48987317307416445
26.582422353386434 0.43934733014957483
25.624553975889256 0.4674504021218099
27.43736942562269 0.407955254304325
28.238724525195963 0.38553265028462846
28.587102732177897 0.3610164193337003
28.987511945038406 0.33530433114351677
29.737316336205197 0.311685702951907
30.711359609669046 0.28447961286664825
31.610566533257852 0.25891782117719997
32.837053718772665 0.2324596011143255
33.40907043621148 0.2073457600337093
34.08430864483131 0.18402599694412758
36.99543364939285 0.15721170952175256
40.996454175253206 0.15520641381412215
43.47345180835961 0.1772242642926688
49.28635817684258 0.19124315859875507
52.19362464527927 0.16252824231504126
53.98609481123938 0.1410041913993565
56.0022995471508 0.11840415407174976
58.03493733892016 0.09541546237261633
61.86901709723455 0.09068770789757197
65.36862836110507 0.11209571035330557
66.72772633761753 0.13564299094116028
68.06451427690169 0.15717208498030244
69.4012421790018 0.17900016419584064
70.51430155205304 0.20157534612926498
71.40414267493546 0.2226552419576049
72.29389374204186 0.2441836155505388
73.18382492070032 0.2648150336142845
74.07357598780672 0.2863434072072185
74.96359722224116 0.3065263475063701
75.48000706054859 0.332090420608811
76.21936498169671 0.36049521311011856
76.73562472704407 0.38680674915354973
77.25254488141562 0.4098294482566238
77.61847151798872 0.4427184180320326
78.28396869350206 0.4679089998127145
79.02382192141835 0.49384716460875455
79.97053626871843 0.5285309820226104
80.94748834374778 0.5610472049373418
81.83542328603775 0.5916198801162571
82.7238535350958 0.6197259275899047
83.61228378415387 0.6478319750635524
88.47896412868559 0.67743936026492
85.20132234504291 0.6891710730579588
90.31489504480336 0.662493055400083
91.6605684873218 0.6397723433326057
93.00654211576025 0.6155567053831479
94.35257578138277 0.591042082257294
95.47551127120451 0.5644342026735636
96.15092959137635 0.5402174840547935
97.0506468310293 0.5121143183659786
97.95036407068224 0.48401115267716377
98.85008131033518 0.45590798698834867
100.15477388355728 0.41102766012495007
99.30144085976204 0.4343817747340394
101.24904710921757 0.3823614759746906
102.02184720618379 0.35734640484770896
103.12225118014106 0.3298233023233126
104.69267601750303 0.3009628158807559
106.26396809930966 0.2677834521035518
108.05701374364335 0.24339351888729
110.34197954641212 0.2217298844474127
114.90380100698204 0.20793140899915574
119.90578441655927 0.23199068088825436
124.82297908164963 0.23304903154377177
128.62882476783247 0.20301443743011105
131.31524860378005 0.18208979775963474
135.298678569426 0.15818322947630192
139.34138293306702 0.17121685600999537
141.36889532742623 0.20542685155821294
142.70484274613415 0.2311417380669002
144.04061005329004 0.25775358010477567
145.3757769886058 0.287355273906612
146.0415593407432 0.31112567609941233
146.9304999058654 0.33669034957369337
147.8190802478835 0.36404893410635086
148.70775064567763 0.39095904087441424
149.59651109924778 0.4174206698778834
150.70936034215495 0.44104229992869415
152.04571301185499 0.4647390364967078
153.3824259046591 0.48664186200634507
156.5058397028718 0.5157515541469394
161.20012638090816 0.5137695083855623
164.55715296914096 0.49260967817183154
166.57364588353565 0.46857451199752376
168.14253757622288 0.4473490860351309
169.71136923172605 0.4264226452491341
171.72663738756685 0.40848677667330624
175.30798607149742 0.38332508183030545
180.22615451042608 0.3795340387711059
185.1468377219561 0.36321942815692154
189.8353593127574 0.38994751682626605
194.52670643181946 0.40260447475708006
198.33115488899242 0.37952808111227354
200.57055686205828 0.35852797470149
202.13955361981752 0.33677932468040395
203.48444657894376 0.3179454199060756
205.05344333670294 0.29619676988498955
206.8460485863271 0.2740000023224136
208.6263385255398 0.2497850643186622
211.9435657323282 0.24281408733357146
215.56647357941964 0.2580482426039227
217.79711912919683 0.280655124170507
224.7586842362626 0.34147265568894125
229.16444740453662 0.3274689102635685
231.42654751234167 0.30655426479693715
233.21906270618976 0.2848059749989551
235.23526744210122 0.2622059376713485
237.69789667091342 0.24265626958919007
241.50108308258083 0.2258648625626163
245.50042794724422 0.23220435961593155
247.75352462163212 0.25612681256669767
249.9840981267885 0.2790924763449574
252.21532003353227 0.29882910021813947
254.22335671055842 0.3169059961392191
255.56018967773056 0.3382108512960642
256.4503009679411 0.3579453138306218
257.34032220237555 0.37812825412977324
258.230163325258 0.39920814995811316
259.1202746154685 0.4189426124926706
260.6803468458238 0.4416381089428616
263.13526129649006 0.46050803602759915
266.48392529071816 0.4809939239572918
270.2813344712655 0.49297312790848347
272.96941207537645 0.463812722784536
274.7615220182324 0.4440825829272276
276.33074391543175 0.42121273849465635
277.6761772092141 0.3996879671327632
279.0215504658124 0.37846218094726636
280.81379249047325 0.3580742737018865
283.27656580852715 0.3378070411963774
287.07953936108754 0.3220756725224807
291.9982876047944 0.3153972016677312
296.2474343127716 0.303967862909559
299.3802796397607 0.28610854174335065
301.6196666035306 0.2651831816266661
304.0840249032424 0.2370227404643006
306.9939926910821 0.21597139231695994
311.2434486870691 0.20300179927007544
315.1890908231114 0.21886233282025558
317.9411232937508 0.24224741636604596
319.9488537811385 0.2618491366867457
321.5093852959516 0.2822573965375066
323.0697366992126 0.3035626119174558
324.85315625968246 0.32711057634347973
326.6369810711443 0.34864039082883
328.4209409662702 0.36949748866728915
330.2049458892842 0.3901303476234512
331.98908589596215 0.41009048993272224
335.33554748400184 0.4415443606803413
340.8578378240419 0.42922625008682713
344.28310162017385 0.40761164037213715
346.96948600311475 0.3868834766747211
350.3273047893123 0.36177850059683725
355.02275815889664 0.3539863309264346
359.9396947040317 0.35633011895896316
364.86068901733347 0.3384662215216354
369.5531349366711 0.34565115407992497
372.68844303287824 0.3155272422083083
374.48050794784626 0.2960213412332968
376.2725728628143 0.27651544025828556
378.0646377777822 0.2570095392832742
381.4213644929273 0.2373430770465027
386.3377385389026 0.2424881108946889
390.13359768515727 0.2621864856237275
392.58763559293686 0.28542159628384767
394.8182811427141 0.3080284778504321
397.0490707817329 0.3299177949936659
399.27989644306217 0.3516277210310622
402.40524812886645 0.37108673296535755
406.8740105120778 0.3790935034866605
410.90026665937853 0.3645369849519515
414.4808271357791 0.3433005636081432
418.9545122352795 0.32679220701073497
423.8704702142511 0.33400925453702757
428.7898801316235 0.32403564882800595
433.7046697816695 0.3370709744044984
438.61841150995815 0.35532495033263156
443.5380073296086 0.34442555127807317
448.45863855772336 0.32836981807271926
452.7092138777838 0.30982599113984943
456.9585939120898 0.2972346872643198
461.65103199065106 0.3044586668888838
465.22324443955995 0.3247954224534825
467.6774384440181 0.34725317165497294
471.2502856896359 0.3644286396094555
476.16973414528934 0.3542631132605967
480.86580123866406 0.3434145991140547
485.56389423423093 0.32247709205065833
490.48334655036865 0.31229234049090027
495.4011287412054 0.3104248129290694
499.7270973192549 0.31913749333841623
